1 0.185547 0.309028 0.049219 0.098611
1 0.207031 0.419444 0.054688 0.094444
1 0.219531 0.763889 0.057813 0.077778
1 0.112891 0.877778 0.052344 0.069444
1 0.230859 0.647222 0.053906 0.066667
1 0.165234 0.523611 0.055469 0.069444
1 0.304688 0.264583 0.046875 0.073611
1 0.376563 0.229861 0.059375 0.068056
1 0.473828 0.250000 0.042969 0.072222
1 0.452734 0.548611 0.044531 0.072222
1 0.755078 0.690278 0.052344 0.061111
1 0.762891 0.804861 0.042969 0.090278
1 0.796875 0.306944 0.040625 0.055556
1 0.647266 0.176389 0.053906 0.072222
1 0.671484 0.725000 0.047656 0.066667
1 0.330859 0.646528 0.052344 0.076389
1 0.726172 0.461806 0.053906 0.084722
