1 0.425781 0.435417 0.064062 0.106944
1 0.328125 0.404861 0.068750 0.104167
1 0.248828 0.512500 0.061719 0.091667
1 0.194141 0.125000 0.071094 0.083333
1 0.312109 0.136806 0.074219 0.084722
1 0.566797 0.388194 0.052344 0.104167
1 0.477734 0.615972 0.066406 0.062500
1 0.186328 0.636111 0.046094 0.111111
1 0.437109 0.781944 0.077344 0.077778
1 0.768750 0.790972 0.053125 0.095833
1 0.592969 0.784028 0.065625 0.095833
1 0.579687 0.593750 0.050000 0.095833
1 0.677344 0.464583 0.065625 0.106944
1 0.772266 0.404861 0.055469 0.093056
1 0.944531 0.275000 0.064062 0.088889
1 0.086328 0.785417 0.099219 0.098611
1 0.290234 0.740972 0.042969 0.062500
1 0.241797 0.880556 0.055469 0.072222
1 0.294922 0.275694 0.058594 0.073611
1 0.101563 0.379167 0.053125 0.097222
1 0.138672 0.565278 0.047656 0.069444
1 0.498047 0.227778 0.052344 0.075000
1 0.756641 0.570833 0.049219 0.100000
1 0.597656 0.097917 0.062500 0.081944
1 0.503516 0.101389 0.057031 0.072222
1 0.932031 0.154861 0.056250 0.106944
1 0.207813 0.759028 0.059375 0.101389
1 0.326953 0.835417 0.058594 0.065278
1 0.493750 0.347917 0.056250 0.081944
1 0.841406 0.277083 0.060938 0.115278
1 0.717969 0.331250 0.048437 0.098611
1 0.877734 0.427778 0.050781 0.069444
