1 0.073047 0.433333 0.058594 0.111111
1 0.149219 0.876389 0.070313 0.097222
1 0.594141 0.575000 0.047656 0.113889
1 0.711328 0.290972 0.060156 0.087500
1 0.891406 0.256944 0.051562 0.113889
1 0.854688 0.459722 0.068750 0.102778
1 0.811719 0.603472 0.067188 0.112500
1 0.850781 0.806250 0.064062 0.084722
1 0.741406 0.728472 0.054688 0.104167
1 0.405469 0.489583 0.048437 0.093056
1 0.487500 0.590972 0.062500 0.098611
1 0.454688 0.243750 0.053125 0.084722
1 0.148438 0.520139 0.064062 0.084722
1 0.553125 0.721528 0.050000 0.101389
1 0.731250 0.374306 0.057813 0.095833
1 0.739062 0.638194 0.056250 0.115278
1 0.329688 0.469444 0.057813 0.063889
