1 0.188281 0.175694 0.050000 0.081944
1 0.253516 0.214583 0.047656 0.090278
1 0.073437 0.401389 0.059375 0.094444
1 0.115234 0.663889 0.049219 0.091667
1 0.073047 0.810417 0.050781 0.076389
1 0.150000 0.774306 0.051562 0.084722
1 0.181641 0.890972 0.055469 0.073611
1 0.623438 0.466667 0.065625 0.116667
1 0.721875 0.408333 0.068750 0.075000
1 0.821484 0.402083 0.061719 0.070833
1 0.741016 0.296528 0.052344 0.084722
1 0.553125 0.704861 0.043750 0.079167
1 0.426172 0.691667 0.058594 0.091667
1 0.357422 0.668750 0.050781 0.079167
1 0.353906 0.500694 0.042188 0.076389
1 0.704687 0.796528 0.053125 0.084722
1 0.840625 0.676389 0.056250 0.080556
1 0.909375 0.643750 0.056250 0.070833
1 0.827734 0.570833 0.047656 0.083333
1 0.738672 0.589583 0.057031 0.084722
1 0.362500 0.418750 0.046875 0.081944
1 0.684766 0.858333 0.047656 0.094444
1 0.716406 0.685417 0.051562 0.084722
1 0.781641 0.906250 0.063281 0.081944
1 0.880859 0.391667 0.044531 0.086111
1 0.208984 0.107639 0.052344 0.079167
